        2.00000e-01 4.00000e-01 6.000000e-01
1.054587e-01 1.761073e-07 1.761073e-07 1.761073e-07
1.169722e-01 2.280263e-07 2.280263e-07 2.280263e-07
1.297426e-01 2.762402e-07 2.762402e-07 2.762402e-07
1.439072e-01 3.432284e-07 3.432284e-07 3.432284e-07
1.596183e-01 4.116836e-07 4.116836e-07 4.116836e-07
1.770446e-01 5.046390e-07 5.046390e-07 5.046390e-07
1.963734e-01 6.141398e-07 6.141398e-07 6.141398e-07
2.178124e-01 7.549148e-07 7.549148e-07 7.549148e-07
2.415920e-01 8.982312e-07 8.982312e-07 8.982312e-07
2.679678e-01 1.090867e-06 1.090867e-06 1.090867e-06
2.972231e-01 1.284067e-06 1.284067e-06 1.284067e-06
3.296724e-01 1.510992e-06 1.510992e-06 1.510992e-06
3.656643e-01 1.798449e-06 1.798449e-06 1.798449e-06
4.055857e-01 2.120597e-06 2.120597e-06 2.120597e-06
4.498654e-01 2.447583e-06 2.447583e-06 2.447583e-06
4.989794e-01 2.795076e-06 2.795076e-06 2.795076e-06
5.534553e-01 3.160886e-06 3.160886e-06 3.160886e-06
6.138787e-01 3.472091e-06 3.472091e-06 3.472091e-06
6.808988e-01 3.770222e-06 3.770222e-06 3.770222e-06
7.552358e-01 4.029658e-06 4.029658e-06 4.029658e-06
8.376886e-01 4.181561e-06 4.181561e-06 4.181561e-06
9.291430e-01 4.228044e-06 4.228044e-06 4.228044e-06
1.030582e+00 4.142631e-06 4.142631e-06 4.142631e-06
1.143096e+00 3.948783e-06 3.948783e-06 3.948783e-06
1.267893e+00 3.632284e-06 3.632284e-06 3.632284e-06
1.406315e+00 3.261895e-06 3.261895e-06 3.261895e-06
1.559849e+00 2.799347e-06 2.799347e-06 2.799347e-06
1.730145e+00 2.297023e-06 2.297023e-06 2.297023e-06
1.919034e+00 1.755718e-06 1.755718e-06 1.755718e-06
2.128544e+00 1.225212e-06 1.225212e-06 1.225212e-06
2.360927e+00 7.468692e-07 7.468692e-07 7.468692e-07
2.618681e+00 3.562035e-07 3.562035e-07 3.562035e-07
2.904575e+00 1.084479e-07 1.084479e-07 1.084479e-07
3.221681e+00 1.395768e-08 1.395768e-08 1.395768e-08
3.573408e+00 5.529012e-11 5.529012e-11 5.529012e-11
3.963534e+00 0.000000e+00 0.000000e+00 0.000000e+00
4.396252e+00 0.000000e+00 0.000000e+00 0.000000e+00
4.876212e+00 0.000000e+00 0.000000e+00 0.000000e+00
5.408572e+00 0.000000e+00 0.000000e+00 0.000000e+00
5.999051e+00 0.000000e+00 0.000000e+00 0.000000e+00
6.653997e+00 0.000000e+00 0.000000e+00 0.000000e+00
7.380446e+00 0.000000e+00 0.000000e+00 0.000000e+00
8.186204e+00 0.000000e+00 0.000000e+00 0.000000e+00
9.079932e+00 0.000000e+00 0.000000e+00 0.000000e+00
1.007123e+01 0.000000e+00 0.000000e+00 0.000000e+00
1.117076e+01 0.000000e+00 0.000000e+00 0.000000e+00
1.239032e+01 0.000000e+00 0.000000e+00 0.000000e+00
1.374303e+01 0.000000e+00 0.000000e+00 0.000000e+00
1.524343e+01 0.000000e+00 0.000000e+00 0.000000e+00
1.690762e+01 0.000000e+00 0.000000e+00 0.000000e+00
1.875351e+01 0.000000e+00 0.000000e+00 0.000000e+00
2.080092e+01 0.000000e+00 0.000000e+00 0.000000e+00
2.307186e+01 0.000000e+00 0.000000e+00 0.000000e+00
2.559072e+01 0.000000e+00 0.000000e+00 0.000000e+00
2.838459e+01 0.000000e+00 0.000000e+00 0.000000e+00
3.148347e+01 0.000000e+00 0.000000e+00 0.000000e+00
3.492067e+01 0.000000e+00 0.000000e+00 0.000000e+00
3.873313e+01 0.000000e+00 0.000000e+00 0.000000e+00
4.296181e+01 0.000000e+00 0.000000e+00 0.000000e+00
4.765216e+01 0.000000e+00 0.000000e+00 0.000000e+00
5.285457e+01 0.000000e+00 0.000000e+00 0.000000e+00
5.862496e+01 0.000000e+00 0.000000e+00 0.000000e+00
6.502533e+01 0.000000e+00 0.000000e+00 0.000000e+00
7.212446e+01 0.000000e+00 0.000000e+00 0.000000e+00
7.999864e+01 0.000000e+00 0.000000e+00 0.000000e+00
8.873247e+01 0.000000e+00 0.000000e+00 0.000000e+00
9.841982e+01 0.000000e+00 0.000000e+00 0.000000e+00
1.091648e+02 0.000000e+00 0.000000e+00 0.000000e+00
1.210828e+02 0.000000e+00 0.000000e+00 0.000000e+00
1.343020e+02 0.000000e+00 0.000000e+00 0.000000e+00
1.489644e+02 0.000000e+00 0.000000e+00 0.000000e+00
1.652276e+02 0.000000e+00 0.000000e+00 0.000000e+00
1.832663e+02 0.000000e+00 0.000000e+00 0.000000e+00
2.032744e+02 0.000000e+00 0.000000e+00 0.000000e+00
2.254668e+02 0.000000e+00 0.000000e+00 0.000000e+00
2.500821e+02 0.000000e+00 0.000000e+00 0.000000e+00
2.773848e+02 0.000000e+00 0.000000e+00 0.000000e+00
3.076682e+02 0.000000e+00 0.000000e+00 0.000000e+00
3.412578e+02 0.000000e+00 0.000000e+00 0.000000e+00
3.785146e+02 0.000000e+00 0.000000e+00 0.000000e+00
4.198388e+02 0.000000e+00 0.000000e+00 0.000000e+00
4.656746e+02 0.000000e+00 0.000000e+00 0.000000e+00
5.165146e+02 0.000000e+00 0.000000e+00 0.000000e+00
5.729050e+02 0.000000e+00 0.000000e+00 0.000000e+00
6.354518e+02 0.000000e+00 0.000000e+00 0.000000e+00
7.048271e+02 0.000000e+00 0.000000e+00 0.000000e+00
7.817764e+02 0.000000e+00 0.000000e+00 0.000000e+00
8.671267e+02 0.000000e+00 0.000000e+00 0.000000e+00
9.617951e+02 0.000000e+00 0.000000e+00 0.000000e+00
1.066799e+03 0.000000e+00 0.000000e+00 0.000000e+00
1.183267e+03 0.000000e+00 0.000000e+00 0.000000e+00
1.312449e+03 0.000000e+00 0.000000e+00 0.000000e+00
1.455736e+03 0.000000e+00 0.000000e+00 0.000000e+00
1.614666e+03 0.000000e+00 0.000000e+00 0.000000e+00
1.790946e+03 0.000000e+00 0.000000e+00 0.000000e+00
1.986473e+03 0.000000e+00 0.000000e+00 0.000000e+00
2.203345e+03 0.000000e+00 0.000000e+00 0.000000e+00
2.443895e+03 0.000000e+00 0.000000e+00 0.000000e+00
2.710707e+03 0.000000e+00 0.000000e+00 0.000000e+00
3.006648e+03 0.000000e+00 0.000000e+00 0.000000e+00
3.334898e+03 0.000000e+00 0.000000e+00 0.000000e+00
3.698985e+03 0.000000e+00 0.000000e+00 0.000000e+00
4.102821e+03 0.000000e+00 0.000000e+00 0.000000e+00
4.550746e+03 0.000000e+00 0.000000e+00 0.000000e+00
5.047573e+03 0.000000e+00 0.000000e+00 0.000000e+00
5.598640e+03 0.000000e+00 0.000000e+00 0.000000e+00
6.209871e+03 0.000000e+00 0.000000e+00 0.000000e+00
6.887833e+03 0.000000e+00 0.000000e+00 0.000000e+00
7.639810e+03 0.000000e+00 0.000000e+00 0.000000e+00
8.473885e+03 0.000000e+00 0.000000e+00 0.000000e+00
9.399020e+03 0.000000e+00 0.000000e+00 0.000000e+00
1.042516e+04 0.000000e+00 0.000000e+00 0.000000e+00
1.156332e+04 0.000000e+00 0.000000e+00 0.000000e+00
1.282574e+04 0.000000e+00 0.000000e+00 0.000000e+00
1.422599e+04 0.000000e+00 0.000000e+00 0.000000e+00
1.577911e+04 0.000000e+00 0.000000e+00 0.000000e+00
1.750179e+04 0.000000e+00 0.000000e+00 0.000000e+00
1.941255e+04 0.000000e+00 0.000000e+00 0.000000e+00
2.153191e+04 0.000000e+00 0.000000e+00 0.000000e+00
2.388265e+04 0.000000e+00 0.000000e+00 0.000000e+00
2.649004e+04 0.000000e+00 0.000000e+00 0.000000e+00
2.938208e+04 0.000000e+00 0.000000e+00 0.000000e+00
3.258987e+04 0.000000e+00 0.000000e+00 0.000000e+00
3.614786e+04 0.000000e+00 0.000000e+00 0.000000e+00
4.009429e+04 0.000000e+00 0.000000e+00 0.000000e+00
4.447158e+04 0.000000e+00 0.000000e+00 0.000000e+00
4.932676e+04 0.000000e+00 0.000000e+00 0.000000e+00
5.471200e+04 0.000000e+00 0.000000e+00 0.000000e+00
6.068517e+04 0.000000e+00 0.000000e+00 0.000000e+00
6.731046e+04 0.000000e+00 0.000000e+00 0.000000e+00
7.465907e+04 0.000000e+00 0.000000e+00 0.000000e+00
8.280996e+04 0.000000e+00 0.000000e+00 0.000000e+00
9.185072e+04 0.000000e+00 0.000000e+00 0.000000e+00
1.018785e+05 0.000000e+00 0.000000e+00 0.000000e+00
1.130011e+05 0.000000e+00 0.000000e+00 0.000000e+00
1.253379e+05 0.000000e+00 0.000000e+00 0.000000e+00
1.390217e+05 0.000000e+00 0.000000e+00 0.000000e+00
1.541994e+05 0.000000e+00 0.000000e+00 0.000000e+00
1.710341e+05 0.000000e+00 0.000000e+00 0.000000e+00
1.897067e+05 0.000000e+00 0.000000e+00 0.000000e+00
2.104179e+05 0.000000e+00 0.000000e+00 0.000000e+00
2.333902e+05 0.000000e+00 0.000000e+00 0.000000e+00
2.588705e+05 0.000000e+00 0.000000e+00 0.000000e+00
2.871327e+05 0.000000e+00 0.000000e+00 0.000000e+00
3.184803e+05 0.000000e+00 0.000000e+00 0.000000e+00
3.532503e+05 0.000000e+00 0.000000e+00 0.000000e+00
3.918164e+05 0.000000e+00 0.000000e+00 0.000000e+00
4.345929e+05 0.000000e+00 0.000000e+00 0.000000e+00
4.820394e+05 0.000000e+00 0.000000e+00 0.000000e+00
5.346660e+05 0.000000e+00 0.000000e+00 0.000000e+00
5.930381e+05 0.000000e+00 0.000000e+00 0.000000e+00
6.577829e+05 0.000000e+00 0.000000e+00 0.000000e+00
7.295962e+05 0.000000e+00 0.000000e+00 0.000000e+00
8.092498e+05 0.000000e+00 0.000000e+00 0.000000e+00
8.975995e+05 0.000000e+00 0.000000e+00 0.000000e+00
9.955947e+05 0.000000e+00 0.000000e+00 0.000000e+00
1.104289e+06 0.000000e+00 0.000000e+00 0.000000e+00
1.224849e+06 0.000000e+00 0.000000e+00 0.000000e+00
1.358572e+06 0.000000e+00 0.000000e+00 0.000000e+00
1.506894e+06 0.000000e+00 0.000000e+00 0.000000e+00
1.671408e+06 0.000000e+00 0.000000e+00 0.000000e+00
1.853884e+06 0.000000e+00 0.000000e+00 0.000000e+00
2.056282e+06 0.000000e+00 0.000000e+00 0.000000e+00
2.280776e+06 0.000000e+00 0.000000e+00 0.000000e+00
2.529779e+06 0.000000e+00 0.000000e+00 0.000000e+00
2.805967e+06 0.000000e+00 0.000000e+00 0.000000e+00
3.112308e+06 0.000000e+00 0.000000e+00 0.000000e+00
3.452094e+06 0.000000e+00 0.000000e+00 0.000000e+00
3.828975e+06 0.000000e+00 0.000000e+00 0.000000e+00
4.247003e+06 0.000000e+00 0.000000e+00 0.000000e+00
4.710669e+06 0.000000e+00 0.000000e+00 0.000000e+00
5.224955e+06 0.000000e+00 0.000000e+00 0.000000e+00
5.795389e+06 0.000000e+00 0.000000e+00 0.000000e+00
6.428099e+06 0.000000e+00 0.000000e+00 0.000000e+00
7.129886e+06 0.000000e+00 0.000000e+00 0.000000e+00
7.908290e+06 0.000000e+00 0.000000e+00 0.000000e+00
8.771676e+06 0.000000e+00 0.000000e+00 0.000000e+00
9.729322e+06 0.000000e+00 0.000000e+00 0.000000e+00
1.079152e+07 0.000000e+00 0.000000e+00 0.000000e+00
1.196968e+07 0.000000e+00 0.000000e+00 0.000000e+00
1.327647e+07 0.000000e+00 0.000000e+00 0.000000e+00
1.472592e+07 0.000000e+00 0.000000e+00 0.000000e+00
1.633363e+07 0.000000e+00 0.000000e+00 0.000000e+00
1.811685e+07 0.000000e+00 0.000000e+00 0.000000e+00
2.009475e+07 0.000000e+00 0.000000e+00 0.000000e+00
2.228859e+07 0.000000e+00 0.000000e+00 0.000000e+00
2.472194e+07 0.000000e+00 0.000000e+00 0.000000e+00
2.742096e+07 0.000000e+00 0.000000e+00 0.000000e+00
3.041463e+07 0.000000e+00 0.000000e+00 0.000000e+00
3.373515e+07 0.000000e+00 0.000000e+00 0.000000e+00
3.741817e+07 0.000000e+00 0.000000e+00 0.000000e+00
4.150330e+07 0.000000e+00 0.000000e+00 0.000000e+00
4.603441e+07 0.000000e+00 0.000000e+00 0.000000e+00
5.106021e+07 0.000000e+00 0.000000e+00 0.000000e+00
5.663470e+07 0.000000e+00 0.000000e+00 0.000000e+00
6.281778e+07 0.000000e+00 0.000000e+00 0.000000e+00
6.967590e+07 0.000000e+00 0.000000e+00 0.000000e+00
7.728275e+07 0.000000e+00 0.000000e+00 0.000000e+00
8.572008e+07 0.000000e+00 0.000000e+00 0.000000e+00
9.507856e+07 0.000000e+00 0.000000e+00 0.000000e+00
